[gd_scene load_steps=4 format=3 uid="uid://bb1vtbjcg7wyi"]

[ext_resource type="Script" path="res://Scenes/path_3d.gd" id="1_iqox0"]

[sub_resource type="Curve3D" id="Curve3D_7fnxy"]
_data = {
"points": PackedVector3Array(-0.364183, 2.50164, 1.08458, 1.5, -1, 0, -0.009, 2.5, -0.02, 1.5, 1, 0, 0, 0, 0, 0, -2.5, 0),
"tilts": PackedFloat32Array(0, 0)
}
point_count = 2

[sub_resource type="BoxMesh" id="BoxMesh_4mkli"]
size = Vector3(1.2, 1, 0.6)

[node name="assembly" type="Node3D"]

[node name="Camera3D" type="Camera3D" parent="."]
transform = Transform3D(1, 0, 0, 0, 1, 1.74846e-07, 0, -1.74846e-07, 1, 0, 1, 10)
visible = false

[node name="Path3D" type="Path3D" parent="."]
curve = SubResource("Curve3D_7fnxy")
script = ExtResource("1_iqox0")

[node name="PathFollow3D" type="PathFollow3D" parent="Path3D"]
transform = Transform3D(-4.37076e-08, 0.554648, -0.83198, 0, 0.831972, 0.554653, 0.999912, 2.42444e-08, -3.6367e-08, -0.009, 2.5, -0.02)

[node name="MeshInstance3D" type="MeshInstance3D" parent="Path3D/PathFollow3D"]
mesh = SubResource("BoxMesh_4mkli")

[node name="PathFollow3D2" type="PathFollow3D" parent="Path3D"]
transform = Transform3D(-0.00251306, 0.892684, -0.450489, 0.00278606, 0.450501, 0.892668, 0.999904, 0.000988341, -0.00361948, 0.759462, 1.60185, -0.0175612)
progress = 1.19503

[node name="MeshInstance3D" type="MeshInstance3D" parent="Path3D/PathFollow3D2"]
mesh = SubResource("BoxMesh_4mkli")

[node name="PathFollow3D3" type="PathFollow3D" parent="Path3D"]
transform = Transform3D(-0.00307615, 0.992878, -0.118425, 0.00457007, 0.11844, 0.992858, 0.999897, 0.00251322, -0.00490223, 1.09276, 0.460408, -0.0122929)
progress = 2.39006

[node name="MeshInstance3D" type="MeshInstance3D" parent="Path3D/PathFollow3D3"]
mesh = SubResource("BoxMesh_4mkli")

[node name="PathFollow3D4" type="PathFollow3D" parent="Path3D"]
transform = Transform3D(-0.00306782, 0.982719, 0.184622, 0.00541962, -0.184605, 0.982704, 0.999896, 0.00401571, -0.00476, 1.05421, -0.729684, -0.00638863)
progress = 3.5851

[node name="MeshInstance3D" type="MeshInstance3D" parent="Path3D/PathFollow3D4"]
mesh = SubResource("BoxMesh_4mkli")

[node name="PathFollow3D5" type="PathFollow3D" parent="Path3D"]
transform = Transform3D(-0.0030523, 0.844331, 0.535656, 0.0055298, -0.535646, 0.844316, 0.999906, 0.00553969, -0.0030342, 0.631688, -1.84032, -0.00152279)
progress = 4.78013

[node name="MeshInstance3D" type="MeshInstance3D" parent="Path3D/PathFollow3D5"]
mesh = SubResource("BoxMesh_4mkli")

[node name="PathFollow3D6" type="PathFollow3D" parent="Path3D"]
transform = Transform3D(-0.00343853, 0.554647, 0.831979, 0.00515769, -0.83197, 0.554653, 0.999906, 0.0061988, 6.28127e-08, -1.49012e-08, -2.5, -3.63798e-12)
progress = 5.97516

[node name="MeshInstance3D" type="MeshInstance3D" parent="Path3D/PathFollow3D6"]
mesh = SubResource("BoxMesh_4mkli")

[node name="DirectionalLight3D" type="DirectionalLight3D" parent="."]
transform = Transform3D(0.983442, 0, 0.181223, 0, 1, 0, -0.181223, 0, 0.983442, 4.94462, 3.04, 9.88304)
